frame,x_0,y_0,z_0,x_1,y_1,z_1,x_2,y_2,z_2,x_3,y_3,z_3,x_4,y_4,z_4,x_5,y_5,z_5,x_6,y_6,z_6,x_7,y_7,z_7,x_8,y_8,z_8,x_9,y_9,z_9,x_10,y_10,z_10,x_11,y_11,z_11,x_12,y_12,z_12,x_13,y_13,z_13,x_14,y_14,z_14,x_15,y_15,z_15,x_16,y_16,z_16,x_17,y_17,z_17,x_18,y_18,z_18,x_19,y_19,z_19,x_20,y_20,z_20,wx_0,wy_0,wz_0,wx_1,wy_1,wz_1,wx_2,wy_2,wz_2,wx_3,wy_3,wz_3,wx_4,wy_4,wz_4,wx_5,wy_5,wz_5,wx_6,wy_6,wz_6,wx_7,wy_7,wz_7,wx_8,wy_8,wz_8,wx_9,wy_9,wz_9,wx_10,wy_10,wz_10,wx_11,wy_11,wz_11,wx_12,wy_12,wz_12,wx_13,wy_13,wz_13,wx_14,wy_14,wz_14,wx_15,wy_15,wz_15,wx_16,wy_16,wz_16,wx_17,wy_17,wz_17,wx_18,wy_18,wz_18,wx_19,wy_19,wz_19,wx_20,wy_20,wz_20,frame_rate,frame_width,frame_height
0,0.1708974391222,1.0092153549194336,6.105229886088637e-07,0.17681322991847992,0.9053837656974792,0.020741892978549004,0.19841893017292023,0.8165839910507202,0.01118776760995388,0.23581331968307495,0.7557958960533142,-0.004218744579702616,0.27543437480926514,0.7191054821014404,-0.020478693768382072,0.14577481150627136,0.7502198219299316,-0.03335867449641228,0.23373010754585266,0.6669701337814331,-0.06398321688175201,0.29480451345443726,0.6562731862068176,-0.08084236085414886,0.33727067708969116,0.6571221947669983,-0.09017211943864822,0.15383945405483246,0.7886208295822144,-0.06070774421095848,0.25232890248298645,0.6835293769836426,-0.09027881175279617,0.31957241892814636,0.6625686883926392,-0.10024446994066238,0.36487051844596863,0.6581754088401794,-0.10621446371078491,0.17596787214279175,0.8344976902008057,-0.0849035382270813,0.27235984802246094,0.7368709444999695,-0.1094592958688736,0.3350810408592224,0.7135295271873474,-0.10997997969388962,0.3755604028701782,0.7046603560447693,-0.10810931771993637,0.20965738594532013,0.880423367023468,-0.10674149543046951,0.285459041595459,0.8020723462104797,-0.11910538375377655,0.3297275900840759,0.7782269716262817,-0.11324391514062881,0.36106836795806885,0.7656103372573853,-0.10739383101463318,-0.004916429985314608,0.07468981295824051,0.0590670220553875,-0.001691055716946721,0.03823209926486015,0.05754302069544792,0.010433677583932877,0.014404166489839554,0.052095677703619,0.02104273810982704,-0.003183953929692507,0.03415343165397644,0.03377416729927063,-0.014682741835713387,0.009178448468446732,-0.011935158632695675,-0.011684239841997623,0.016610661521553993,0.017336567863821983,-0.024593060836195946,0.01574092172086239,0.035866979509592056,-0.033359821885824203,0.027152560651302338,0.053735919296741486,-0.03113487921655178,0.04436946287751198,-0.005480148829519749,-0.003326956881210208,0.00047705476754345,0.021157432347536087,-0.025202982127666473,-0.0034100229386240244,0.04390339553356171,-0.03274665027856827,0.012175715528428555,0.061206966638565063,-0.03934304043650627,0.03779907152056694,0.005996354855597019,0.0064479815773665905,-0.011611499823629856,0.028333494439721107,-0.01014428399503231,-0.01138757262378931,0.05292047560214996,-0.018599528819322586,-0.0002559770946390927,0.07084617763757706,-0.022643737494945526,0.017560305073857307,0.012776619754731655,0.026360895484685898,-0.01239869836717844,0.033346451818943024,0.008626922965049744,-0.010704939253628254,0.05081159248948097,-0.004730219952762127,-0.002492687664926052,0.06423186510801315,-0.006231446750462055,0.011257004924118519,30.0,640.0,480.0
1,0.1720457375049591,1.0097150802612305,6.180556511026225e-07,0.17323943972587585,0.9068421721458435,0.01887279748916626,0.19439347088336945,0.816852331161499,0.008960340172052383,0.2325315922498703,0.7561362981796265,-0.006150550674647093,0.2725694179534912,0.7196715474128723,-0.021980587393045425,0.1460302770137787,0.7511039972305298,-0.035588037222623825,0.23578563332557678,0.6654222011566162,-0.06652021408081055,0.29695916175842285,0.6554548740386963,-0.08300857990980148,0.33866286277770996,0.6564488410949707,-0.0918358862400055,0.15351009368896484,0.7905856370925903,-0.06145046651363373,0.2530992329120636,0.6831309795379639,-0.09080329537391663,0.31988123059272766,0.662966251373291,-0.10017376393079758,0.3647521138191223,0.6584075093269348,-0.10568255186080933,0.17491906881332397,0.8371260166168213,-0.08429480344057083,0.2720484733581543,0.7391818761825562,-0.10871155560016632,0.3344898521900177,0.7134288549423218,-0.10936594009399414,0.3753752112388611,0.7014195322990417,-0.10762691497802734,0.20817266404628754,0.8832821846008301,-0.10488170385360718,0.2845557928085327,0.8043102622032166,-0.11689296364784241,0.3290277421474457,0.7788425087928772,-0.11113376915454865,0.36063501238822937,0.7636331915855408,-0.10549653321504593,-0.005123808514326811,0.07522866874933243,0.059019312262535095,-0.0019324379973113537,0.038114994764328,0.05722279101610184,0.009268046356737614,0.014309627935290337,0.052376650273799896,0.019862594082951546,-0.0034075919538736343,0.03443191945552826,0.032350704073905945,-0.015106964856386185,0.00800327304750681,-0.011626297608017921,-0.011337639763951302,0.01629534922540188,0.01765654794871807,-0.0250852108001709,0.015572641976177692,0.03673059493303299,-0.03381016105413437,0.026937298476696014,0.054216887801885605,-0.03145798668265343,0.045006781816482544,-0.005499705672264099,-0.003113386919721961,0.0007163533009588718,0.020841773599386215,-0.02559831738471985,-0.003509643953293562,0.043750159442424774,-0.032512400299310684,0.011541774496436119,0.06027982011437416,-0.03967919200658798,0.037670671939849854,0.005689842626452446,0.006449084263294935,-0.011608485132455826,0.028003647923469543,-0.010096326470375061,-0.011201538145542145,0.0523323118686676,-0.01934054307639599,-0.0003029512008652091,0.07083451747894287,-0.02428237721323967,0.017765961587429047,0.012741323560476303,0.026178590953350067,-0.012216978706419468,0.033075228333473206,0.008398711681365967,-0.010313093662261963,0.05118250846862793,-0.005442253779619932,-0.0022006903309375048,0.06401921808719635,-0.007613711059093475,0.011555858887732029,30.0,640.0,480.0
2,0.16978245973587036,1.0111842155456543,6.015049507368531e-07,0.1723473072052002,0.9083024859428406,0.020145781338214874,0.19365321099758148,0.8186059594154358,0.01086107362061739,0.2309255748987198,0.7583380341529846,-0.003928117919713259,0.27069956064224243,0.7219770550727844,-0.019519111141562462,0.14538437128067017,0.7519002556800842,-0.033648308366537094,0.2338961958885193,0.6657469868659973,-0.06390795111656189,0.2949950098991394,0.6545576453208923,-0.08001196384429932,0.3368140161037445,0.6549617648124695,-0.08861857652664185,0.15315011143684387,0.791435718536377,-0.059921517968177795,0.2521211504936218,0.6841963529586792,-0.08867769688367844,0.3186540901660919,0.6628296375274658,-0.09783456474542618,0.36326926946640015,0.6577259302139282,-0.10325063765048981,0.17451924085617065,0.83809494972229,-0.08310632407665253,0.271228164434433,0.7392329573631287,-0.10718487948179245,0.3338600695133209,0.7128847241401672,-0.10758334398269653,0.37491804361343384,0.7010525465011597,-0.1056150421500206,0.20777927339076996,0.8848827481269836,-0.10392716526985168,0.28401434421539307,0.8048084378242493,-0.11559268832206726,0.32882729172706604,0.7793733477592468,-0.10941522568464279,0.3606041669845581,0.7648857235908508,-0.10342415422201157,-0.004545168019831181,0.07442430406808853,0.05941197648644447,-0.0018845677841454744,0.037947457283735275,0.057069722563028336,0.009123419411480427,0.01430786494165659,0.05186837911605835,0.019417699426412582,-0.0029333154670894146,0.03418029472231865,0.031515032052993774,-0.014574597589671612,0.00772498082369566,-0.011563463136553764,-0.01120057050138712,0.016042020171880722,0.017518209293484688,-0.02508353441953659,0.015335306525230408,0.03616708144545555,-0.03381026163697243,0.02671235240995884,0.05328848212957382,-0.031796351075172424,0.044220514595508575,-0.005362564232200384,-0.0029302409384399652,0.0009056786075234413,0.020564237609505653,-0.025297019630670547,-0.0035987470764666796,0.04324641078710556,-0.03254225105047226,0.012049960903823376,0.05959762632846832,-0.04021387919783592,0.037928782403469086,0.005575431510806084,0.006248155143111944,-0.011474089697003365,0.027890773490071297,-0.0102565698325634,-0.01113723125308752,0.051761504262685776,-0.01996653899550438,-0.00030256391619332135,0.07030646502971649,-0.024691453203558922,0.01803707145154476,0.012292318046092987,0.026224717497825623,-0.012335607782006264,0.03286398574709892,0.008253157138824463,-0.010260777547955513,0.05037969350814819,-0.005934390239417553,-0.0018515908159315586,0.06356558203697205,-0.007565813604742289,0.012506091967225075,30.0,640.0,480.0
3,0.17096464335918427,1.010604739189148,5.77572620841238e-07,0.17758242785930634,0.9047533273696899,0.02560725435614586,0.19909559190273285,0.8176205158233643,0.01621941477060318,0.2351866066455841,0.7587834000587463,0.00021398633543867618,0.2739142179489136,0.7224214673042297,-0.016966041177511215,0.14636331796646118,0.7498201727867126,-0.03723371401429176,0.23551839590072632,0.6650450229644775,-0.06890938431024551,0.29631292819976807,0.6553314328193665,-0.0849093422293663,0.33819305896759033,0.6570947170257568,-0.09378857165575027,0.154457688331604,0.790884792804718,-0.06795952469110489,0.2530997097492218,0.6845303177833557,-0.10056472569704056,0.3202214241027832,0.6642151474952698,-0.11102712154388428,0.36543008685112,0.6600295305252075,-0.11725056171417236,0.17656469345092773,0.8380982279777527,-0.09463677555322647,0.2714211046695709,0.739082396030426,-0.12130033224821091,0.33485785126686096,0.7134283781051636,-0.121656633913517,0.37687501311302185,0.7021679878234863,-0.11977346241474152,0.21036605536937714,0.885325014591217,-0.11831653118133545,0.28503742814064026,0.8062479496002197,-0.13172295689582825,0.3295794725418091,0.7801738977432251,-0.1258222609758377,0.36171990633010864,0.7649939656257629,-0.12022427469491959,-0.004503706004470587,0.07483363896608353,0.05964872986078262,-0.0010562147945165634,0.03752901777625084,0.05746449902653694,0.010688155889511108,0.014407034032046795,0.051920097321271896,0.02048930525779724,-0.0024247057735919952,0.032831188291311264,0.03352932631969452,-0.014060715213418007,0.006149331107735634,-0.01190897636115551,-0.011936478316783905,0.01644371636211872,0.017993580549955368,-0.025088155642151833,0.01538461446762085,0.03579017147421837,-0.03363016992807388,0.02744871936738491,0.05275394394993782,-0.030625030398368835,0.044966455549001694,-0.005444655194878578,-0.003444202244281769,0.000489245867356658,0.02049904316663742,-0.024287309497594833,-0.0036121003795415163,0.04336715117096901,-0.03177698329091072,0.011776003055274487,0.059858858585357666,-0.03897610679268837,0.03876212239265442,0.00579842459410429,0.006798816379159689,-0.011628645472228527,0.02707422710955143,-0.009620556607842445,-0.011599384248256683,0.051845185458660126,-0.0187477245926857,-0.0012622633948922157,0.07042216509580612,-0.023541487753391266,0.0176029484719038,0.012035967782139778,0.02676846832036972,-0.012885871343314648,0.032285645604133606,0.00924723781645298,-0.01048470102250576,0.04983576759696007,-0.004791794344782829,-0.002821041038259864,0.06338219344615936,-0.0068096318282186985,0.01143716461956501,30.0,640.0,480.0
4,0.17364269495010376,1.0104252099990845,5.918323608966602e-07,0.16937708854675293,0.9064856171607971,0.022713469341397285,0.18855677545070648,0.8200856447219849,0.0135039696469903,0.22468264400959015,0.7609010338783264,-0.0015487016644328833,0.26457908749580383,0.725940465927124,-0.017610887065529823,0.14539018273353577,0.7519513368606567,-0.03661741688847542,0.23449426889419556,0.665837824344635,-0.06651369482278824,0.29486292600631714,0.655417799949646,-0.08178944140672684,0.3361492156982422,0.6563509106636047,-0.09011702984571457,0.15573224425315857,0.7919252514839172,-0.06442740559577942,0.25427064299583435,0.6850222945213318,-0.09407965838909149,0.32064858078956604,0.6639759540557861,-0.10420647263526917,0.3654082417488098,0.6590489149093628,-0.11060074716806412,0.17941389977931976,0.8383462429046631,-0.08826301991939545,0.2734825015068054,0.7379539012908936,-0.11243759095668793,0.3358638882637024,0.7128098011016846,-0.11307939141988754,0.37704625725746155,0.70320725440979,-0.11160770058631897,0.21381087601184845,0.8846020102500916,-0.10936596989631653,0.2877081036567688,0.8038448691368103,-0.12082409858703613,0.3312550187110901,0.7785529494285583,-0.11448422819375992,0.36261844635009766,0.7647578120231628,-0.10855500400066376,-0.006191649474203587,0.07440073043107986,0.0595007948577404,-0.0035965866409242153,0.037949301302433014,0.0571567639708519,0.006768851075321436,0.014190832152962685,0.052576854825019836,0.01627810113132,-0.002161831595003605,0.03578537702560425,0.029088344424962997,-0.014060511253774166,0.009661302901804447,-0.01292883139103651,-0.011304965242743492,0.01568368822336197,0.01677771471440792,-0.02458076737821102,0.01507252361625433,0.03466898202896118,-0.034038644284009933,0.027185317128896713,0.05201521888375282,-0.03151122108101845,0.04594188556075096,-0.005676387343555689,-0.0031156500335782766,0.0002572367375250906,0.02003723569214344,-0.02446545660495758,-0.003052482381463051,0.04311739280819893,-0.03273002803325653,0.01248104590922594,0.0594869963824749,-0.04021656885743141,0.039757151156663895,0.006391194183379412,0.006589753553271294,-0.011149818077683449,0.027644960209727287,-0.010987709276378155,-0.01046284195035696,0.052024323493242264,-0.020233461633324623,0.0004202119307592511,0.07031486928462982,-0.024654237553477287,0.019134851172566414,0.013397866860032082,0.02592882700264454,-0.011450380086898804,0.03321909159421921,0.007656513247638941,-0.00886012427508831,0.051113951951265335,-0.006156928837299347,-0.0003324224962852895,0.06371141225099564,-0.007952150888741016,0.013575073331594467,30.0,640.0,480.0
5,0.17705348134040833,1.0086703300476074,6.092939202062553e-07,0.17170701920986176,0.9053851366043091,0.018916165456175804,0.19006597995758057,0.8173389434814453,0.008912401273846626,0.22671553492546082,0.7559829354286194,-0.006159916054457426,0.2670844793319702,0.7210860848426819,-0.021829133853316307,0.14684554934501648,0.7511314153671265,-0.03583768010139465,0.2380554974079132,0.6657852530479431,-0.06609082221984863,0.29871004819869995,0.6555989980697632,-0.08233249932527542,0.3398604094982147,0.656383752822876,-0.09093034267425537,0.15696877241134644,0.7901575565338135,-0.060978397727012634,0.2563770115375519,0.6842572689056396,-0.08948394656181335,0.32222890853881836,0.6638432741165161,-0.09889787435531616,0.36688077449798584,0.6601449251174927,-0.10451306402683258,0.18073445558547974,0.835735559463501,-0.08281189948320389,0.27514028549194336,0.7374396324157715,-0.10587658733129501,0.3365733027458191,0.7124202847480774,-0.10613459348678589,0.37742793560028076,0.7024820446968079,-0.10422784835100174,0.21562618017196655,0.8805506229400635,-0.10238820314407349,0.28980767726898193,0.8010568022727966,-0.11283691227436066,0.33318784832954407,0.7767018675804138,-0.1061704158782959,0.3644394278526306,0.763151228427887,-0.09982512891292572,-0.006693853531032801,0.07506638020277023,0.05993637442588806,-0.003223093692213297,0.03780257701873779,0.05802341550588608,0.006378895603120327,0.0136595843359828,0.05288475379347801,0.016423838213086128,-0.00411959458142519,0.03547704219818115,0.028808599337935448,-0.01550326682627201,0.009267939254641533,-0.013316458091139793,-0.011247861199080944,0.015552850440144539,0.016776129603385925,-0.024325259029865265,0.014858640730381012,0.035803526639938354,-0.03426746651530266,0.027515670284628868,0.05290643498301506,-0.031628262251615524,0.04690118134021759,-0.0055039445869624615,-0.003021263750270009,-8.193265239242464e-05,0.021072283387184143,-0.024893052875995636,-0.0029086421709507704,0.043625421822071075,-0.032784171402454376,0.012811774387955666,0.06026463955640793,-0.03929278627038002,0.040111228823661804,0.006251005921512842,0.006208732724189758,-0.011210999451577663,0.027722546830773354,-0.010824999772012234,-0.010025898925960064,0.052111513912677765,-0.019640866667032242,0.0013973187888041139,0.0704801082611084,-0.02438017539680004,0.01931859739124775,0.013546392321586609,0.025762781500816345,-0.01098642311990261,0.03410268947482109,0.007062490098178387,-0.008500110357999802,0.05149368196725845,-0.0058910660445690155,0.000746987119782716,0.06425293534994125,-0.007900656200945377,0.014348380267620087,30.0,640.0,480.0
6,0.17500066757202148,1.0078154802322388,6.199259132699808e-07,0.17244789004325867,0.906005322933197,0.01806418038904667,0.19175326824188232,0.817093014717102,0.00851370021700859,0.228900745511055,0.7556461691856384,-0.0060513741336762905,0.2686868906021118,0.7200316786766052,-0.021129636093974113,0.14801360666751862,0.7505577802658081,-0.03386310860514641,0.23858292400836945,0.6652131080627441,-0.06381983309984207,0.29933908581733704,0.65431809425354,-0.08013194799423218,0.340236097574234,0.6548342704772949,-0.08855470269918442,0.1565537452697754,0.7902349233627319,-0.05815696343779564,0.25727951526641846,0.6843262910842896,-0.08573174476623535,0.32365885376930237,0.6636795997619629,-0.09447947144508362,0.3682445287704468,0.659968376159668,-0.09950865060091019,0.17890565097332,0.8361262679100037,-0.0794810950756073,0.2764831483364105,0.7374833822250366,-0.1017933115363121,0.33780255913734436,0.7125509977340698,-0.1018122211098671,0.37783509492874146,0.7025958895683289,-0.09960676729679108,0.21288076043128967,0.8811920285224915,-0.0987217053771019,0.28956758975982666,0.8020427823066711,-0.10850315541028976,0.3334598243236542,0.7771261930465698,-0.10173030197620392,0.3646952509880066,0.7632744312286377,-0.09524891525506973,-0.006063579116016626,0.0744447112083435,0.059839650988578796,-0.002695040311664343,0.03803427889943123,0.0576164610683918,0.0074999406933784485,0.014213732443749905,0.05308763310313225,0.017101533710956573,-0.003571458626538515,0.03582951799035072,0.029454413801431656,-0.015111828222870827,0.009809854440391064,-0.012631780467927456,-0.010879451408982277,0.016191931441426277,0.01759660616517067,-0.02454138919711113,0.015182402916252613,0.036476679146289825,-0.0341067798435688,0.027516573667526245,0.053585413843393326,-0.03170450031757355,0.0458102710545063,-0.00529643427580595,-0.0029566448647528887,0.00021647752146236598,0.020876307040452957,-0.024854879826307297,-0.0027627116069197655,0.04430856555700302,-0.03280974179506302,0.012859567999839783,0.06058568134903908,-0.03910813108086586,0.03936605900526047,0.005438476800918579,0.006083836313337088,-0.011627309955656528,0.028099505230784416,-0.010653316974639893,-0.010121813043951988,0.052363429218530655,-0.019502559676766396,0.0007792540127411485,0.07074767351150513,-0.02371189370751381,0.01905481144785881,0.013088506646454334,0.02605881355702877,-0.01188819669187069,0.03378739580512047,0.00746056716889143,-0.009268125519156456,0.05109747126698494,-0.006038208492100239,0.00015078655269462615,0.0645788162946701,-0.007524431683123112,0.014185696840286255,30.0,640.0,480.0
7,0.17756325006484985,1.0091941356658936,6.112076107456232e-07,0.17825759947299957,0.9049063324928284,0.01977069117128849,0.19903001189231873,0.8166085481643677,0.009554175660014153,0.23642253875732422,0.7557790279388428,-0.0058164638467133045,0.2752031087875366,0.7203488945960999,-0.02187870629131794,0.14966988563537598,0.7484440803527832,-0.03805180639028549,0.24011394381523132,0.6657955646514893,-0.06967877596616745,0.30195528268814087,0.6551913619041443,-0.08747393637895584,0.3449200391769409,0.6556662321090698,-0.09737062454223633,0.15704622864723206,0.7905052900314331,-0.06426248699426651,0.2575315237045288,0.6849287152290344,-0.09434207528829575,0.3250110149383545,0.6649850010871887,-0.10498972237110138,0.3703745901584625,0.6621853113174438,-0.11162945628166199,0.1789146214723587,0.8378750681877136,-0.08694151043891907,0.2747330665588379,0.7378164529800415,-0.111106738448143,0.3372557759284973,0.7125278115272522,-0.11175001412630081,0.37889039516448975,0.7039027214050293,-0.11014269292354584,0.21316780149936676,0.8834798336029053,-0.10728463530540466,0.2890012562274933,0.8028104305267334,-0.11847834289073944,0.3334850072860718,0.7769444584846497,-0.11227788776159286,0.3656393885612488,0.7630846500396729,-0.10638092458248138,-0.004687211476266384,0.0743158683180809,0.06074976921081543,-0.0012366303708404303,0.037504784762859344,0.057729508727788925,0.009215731173753738,0.014404713176190853,0.051458485424518585,0.019263856112957,-0.0027676059398800135,0.03280674293637276,0.03110395185649395,-0.01437684427946806,0.006705821957439184,-0.012586118653416634,-0.010828479193150997,0.015998296439647675,0.0174321997910738,-0.02378522977232933,0.014829455874860287,0.03648035600781441,-0.0334458202123642,0.02649659290909767,0.053601913154125214,-0.031115073710680008,0.04413566738367081,-0.005459535866975784,-0.0028936846647411585,0.0002506881137378514,0.02036110870540142,-0.02487647347152233,-0.0033871622290462255,0.04329962655901909,-0.032151732593774796,0.011864609085023403,0.060257840901613235,-0.038562629371881485,0.03909304365515709,0.005481183063238859,0.005638236179947853,-0.011661963537335396,0.026883471757173538,-0.010181723162531853,-0.010549863800406456,0.05111876502633095,-0.01916915737092495,-0.0006580892950296402,0.07024163752794266,-0.023647036403417587,0.017640726640820503,0.012816768139600754,0.025823021307587624,-0.011770089156925678,0.033058155328035355,0.007715210318565369,-0.010102048516273499,0.049526918679475784,-0.006309032440185547,-0.0014773383736610413,0.06376704573631287,-0.00787203386425972,0.012284248135983944,30.0,640.0,480.0
8,0.17981144785881042,1.003139853477478,6.226639470696682e-07,0.1736353635787964,0.9008834958076477,0.014875317923724651,0.19296717643737793,0.8122686743736267,0.0036614073906093836,0.23171588778495789,0.7503622770309448,-0.011756000109016895,0.2728099524974823,0.716702938079834,-0.027511078864336014,0.15101930499076843,0.7470226883888245,-0.03835669532418251,0.2440626323223114,0.6633714437484741,-0.06901168823242188,0.3048611879348755,0.6541441679000854,-0.0856545940041542,0.34558895230293274,0.6556705236434937,-0.09434757381677628,0.15977227687835693,0.7875636219978333,-0.06095965579152107,0.2609935700893402,0.6828172206878662,-0.08895185589790344,0.3268241882324219,0.6645532846450806,-0.09773620218038559,0.37110865116119385,0.6627354025840759,-0.10298558324575424,0.18224956095218658,0.8342583179473877,-0.08065164089202881,0.27822133898735046,0.7360478043556213,-0.10342913120985031,0.33900827169418335,0.7127768397331238,-0.10361022502183914,0.37933069467544556,0.7048620581626892,-0.10159149765968323,0.21647532284259796,0.8795260190963745,-0.0984496921300888,0.2917965054512024,0.8002129793167114,-0.10851575434207916,0.33535483479499817,0.7761614322662354,-0.10208253562450409,0.3663598299026489,0.763038158416748,-0.09595651179552078,-0.006908887531608343,0.07528719305992126,0.06080412492156029,-0.0029692091047763824,0.03752415254712105,0.058291956782341,0.006269516423344612,0.013277572579681873,0.05300390347838402,0.017010556533932686,-0.005043808836489916,0.03516164794564247,0.029301254078745842,-0.015582284890115261,0.007952532730996609,-0.013156993314623833,-0.011354407295584679,0.015704602003097534,0.017396211624145508,-0.023971296846866608,0.0149082625284791,0.03717300668358803,-0.033768732100725174,0.026885196566581726,0.05396602675318718,-0.03087826631963253,0.046195197850465775,-0.005306743085384369,-0.0029027587734162807,-7.67307064961642e-05,0.021576043218374252,-0.024893945083022118,-0.002687253523617983,0.04424756020307541,-0.0319974347949028,0.012689076364040375,0.06020238250494003,-0.03760563209652901,0.039228931069374084,0.005926933139562607,0.0061494880355894566,-0.01146719977259636,0.02759285643696785,-0.010506492108106613,-0.009947802871465683,0.05203764885663986,-0.019132699817419052,0.001336060231551528,0.07045843452215195,-0.023112289607524872,0.018336987122893333,0.013479705899953842,0.02625436522066593,-0.011274095624685287,0.0340845063328743,0.006877638399600983,-0.008899171836674213,0.051620714366436005,-0.00576771842315793,0.0009427579352632165,0.0641385093331337,-0.007412253879010677,0.013976777903735638,30.0,640.0,480.0
9,0.18396028876304626,1.0010381937026978,6.054900723029277e-07,0.17700010538101196,0.8989146947860718,0.014234178699553013,0.1960756778717041,0.8102307915687561,0.00302769523113966,0.23399491608142853,0.748296856880188,-0.01187391858547926,0.2736254334449768,0.7147252559661865,-0.02698558382689953,0.1535039246082306,0.7456675171852112,-0.04108118265867233,0.24636009335517883,0.6640942096710205,-0.0720779225230217,0.30721515417099,0.6539343595504761,-0.08902496844530106,0.34824246168136597,0.6547741889953613,-0.09811235219240189,0.1639559268951416,0.7881625890731812,-0.0633368194103241,0.2643169164657593,0.6837178468704224,-0.09202179312705994,0.3296855688095093,0.664746880531311,-0.10171408206224442,0.37352803349494934,0.6628919839859009,-0.10767926275730133,0.18808791041374207,0.8352227210998535,-0.08237732201814651,0.2823278605937958,0.7362601161003113,-0.10567990690469742,0.34198707342147827,0.7122877240180969,-0.10638819634914398,0.38166478276252747,0.7050600647926331,-0.10462698340415955,0.2233050912618637,0.8793123364448547,-0.09946730732917786,0.2972155809402466,0.7989047169685364,-0.11026394367218018,0.3397563695907593,0.7739320993423462,-0.10428588837385178,0.3705021142959595,0.7606699466705322,-0.09829892218112946,-0.006767317187041044,0.07540202885866165,0.0614982508122921,-0.0035123596899211407,0.0373394750058651,0.05897093936800957,0.005729148164391518,0.012555761262774467,0.05295147746801376,0.016086235642433167,-0.0055872416123747826,0.03448745608329773,0.027594557031989098,-0.016842322424054146,0.007425378076732159,-0.014410385861992836,-0.011365876533091068,0.015436100773513317,0.016418077051639557,-0.024232124909758568,0.014158754609525204,0.0364350788295269,-0.03472505509853363,0.02686145156621933,0.05317848548293114,-0.032405104488134384,0.04607449471950531,-0.005386400036513805,-0.002730711828917265,-0.0003367539611645043,0.02166811190545559,-0.02550520934164524,-0.002915777266025543,0.04408072680234909,-0.032657984644174576,0.013041102327406406,0.06063729152083397,-0.03836603835225105,0.04068201035261154,0.006554517429322004,0.005685091949999332,-0.011163309216499329,0.028421778231859207,-0.011159711517393589,-0.009386464022099972,0.052331484854221344,-0.01938708871603012,0.002072937088087201,0.07026845961809158,-0.023568565025925636,0.01997293159365654,0.014772806316614151,0.026327336207032204,-0.010260366834700108,0.03501459211111069,0.006907573901116848,-0.0077521586790680885,0.05197485536336899,-0.006724233739078045,0.0018480591243132949,0.06455608457326889,-0.00799656379967928,0.01539612840861082,30.0,640.0,480.0
10,0.18999768793582916,0.9970259666442871,6.04513502366899e-07,0.17747771739959717,0.8980211019515991,0.012064438313245773,0.19486646354198456,0.8051139116287231,-0.0001802595506887883,0.2331237643957138,0.7430042028427124,-0.016563065350055695,0.2764289081096649,0.7089980244636536,-0.03337768837809563,0.160239577293396,0.7460687160491943,-0.0380127876996994,0.2501383423805237,0.6603084802627563,-0.06809438019990921,0.31003937125205994,0.6517852544784546,-0.08336660265922546,0.34801098704338074,0.6552350521087646,-0.09040138870477676,0.17278316617012024,0.7837143540382385,-0.05914559215307236,0.27108943462371826,0.6834105253219604,-0.08509086072444916,0.3359314799308777,0.6639786958694458,-0.0922054573893547,0.37918853759765625,0.6617936491966248,-0.0959354043006897,0.19852572679519653,0.8294420838356018,-0.07782558351755142,0.29102781414985657,0.7336294054985046,-0.09917043149471283,0.35037732124328613,0.7106949090957642,-0.0989544540643692,0.3880785405635834,0.703321099281311,-0.096255362033844,0.23363237082958221,0.874615490436554,-0.09484010934829712,0.305902361869812,0.7941970825195312,-0.10403431951999664,0.3476969599723816,0.7714458107948303,-0.0969306230545044,0.37632569670677185,0.761668860912323,-0.08990611135959625,-0.007897458970546722,0.07343346625566483,0.061105888336896896,-0.00572245242074132,0.03554269298911095,0.05867347866296768,0.0012056183768436313,0.01088772900402546,0.053454216569662094,0.011135214939713478,-0.0063609411008656025,0.03473951667547226,0.023408131673932076,-0.017308181151747704,0.008151225745677948,-0.01402629166841507,-0.010405726730823517,0.01468732301145792,0.014234254136681557,-0.02403455600142479,0.01354942936450243,0.03324965387582779,-0.034540511667728424,0.027607327327132225,0.04917171970009804,-0.031229836866259575,0.048925843089818954,-0.004958146717399359,-0.00213852571323514,-0.000559464271645993,0.020066605880856514,-0.023965660482645035,-0.0029368677642196417,0.04208321124315262,-0.030676132068037987,0.013832752592861652,0.05852163955569267,-0.03687663748860359,0.04185232147574425,0.006912699900567532,0.005501343868672848,-0.010654638521373272,0.026699542999267578,-0.011625626124441624,-0.008918986655771732,0.05137040466070175,-0.01887640915811062,0.004917480517178774,0.06792651861906052,-0.022738689556717873,0.02439996786415577,0.01479394268244505,0.024119801819324493,-0.009068659506738186,0.034035079181194305,0.0056092217564582825,-0.005595676600933075,0.051455557346343994,-0.006130662281066179,0.004573579411953688,0.06270704418420792,-0.0071689230389893055,0.01974874921143055,30.0,640.0,480.0
11,0.19079868495464325,0.9949686527252197,6.018466933710442e-07,0.18086615204811096,0.8969845175743103,0.010451962240040302,0.19842326641082764,0.804756760597229,-0.0019204734126105905,0.23807822167873383,0.7421103119850159,-0.017979102209210396,0.2816225290298462,0.709277868270874,-0.034002676606178284,0.16116103529930115,0.7430539131164551,-0.03786388412117958,0.2504693567752838,0.6616904735565186,-0.06833650171756744,0.3104490637779236,0.6550560593605042,-0.08447088301181793,0.34922975301742554,0.6601142883300781,-0.09232686460018158,0.17381490767002106,0.7817687392234802,-0.05833635851740837,0.27177029848098755,0.6808978915214539,-0.08510905504226685,0.33598482608795166,0.6632359623908997,-0.0929449126124382,0.37856051325798035,0.6623395681381226,-0.09714876115322113,0.199262335896492,0.8271178603172302,-0.07668431848287582,0.2920237183570862,0.7318808436393738,-0.0989018902182579,0.3504558205604553,0.7103540301322937,-0.09914232790470123,0.3876517415046692,0.7036200165748596,-0.0966791883111,0.23451432585716248,0.8715487122535706,-0.093532495200634,0.30761516094207764,0.7936908006668091,-0.10342075675725937,0.3489912748336792,0.7718285322189331,-0.09700489789247513,0.3773394227027893,0.7613853216171265,-0.09048248082399368,-0.00875861570239067,0.07279136031866074,0.06114308163523674,-0.006896385923027992,0.03596142306923866,0.05928127095103264,0.003449357347562909,0.010964160785079002,0.05371880531311035,0.01422084216028452,-0.007293903734534979,0.034341778606176376,0.028374414891004562,-0.01653195172548294,0.008499986492097378,-0.01432691141963005,-0.010951797477900982,0.015023899264633656,0.015404747799038887,-0.024482423439621925,0.014272448606789112,0.03457452356815338,-0.033412106335163116,0.028563175350427628,0.05170578882098198,-0.029495984315872192,0.05031685531139374,-0.005465846974402666,-0.00259600393474102,-0.00036252682912163436,0.021746555343270302,-0.024443969130516052,-0.003374475287273526,0.04431777447462082,-0.031875159591436386,0.015225461684167385,0.06016542389988899,-0.03610173612833023,0.04192023351788521,0.0070724403485655785,0.006465297657996416,-0.010790099389851093,0.029571011662483215,-0.011186758056282997,-0.008862759917974472,0.05244898051023483,-0.0190392155200243,0.004619493614882231,0.06931174546480179,-0.021778620779514313,0.023550955578684807,0.015330670401453972,0.02567116916179657,-0.00905512273311615,0.036072250455617905,0.006840207148343325,-0.006240805611014366,0.05343794450163841,-0.0050583709962666035,0.003975620027631521,0.06524287164211273,-0.007069476880133152,0.018563028424978256,30.0,640.0,480.0
12,0.19772422313690186,0.9928693175315857,5.990145268697233e-07,0.1894015520811081,0.8943313360214233,0.006141187623143196,0.209217369556427,0.7986404895782471,-0.007184875197708607,0.25194934010505676,0.7358470559120178,-0.024339376017451286,0.2980578541755676,0.7025246620178223,-0.041232723742723465,0.17509078979492188,0.7417855858802795,-0.03275718912482262,0.26320362091064453,0.6588444113731384,-0.06292252987623215,0.3222527801990509,0.6519696116447449,-0.08037364482879639,0.3594166040420532,0.6568970084190369,-0.08886348456144333,0.18907007575035095,0.7769232392311096,-0.05116920918226242,0.2850085496902466,0.6808245182037354,-0.07675603777170181,0.3485390841960907,0.663814127445221,-0.08570095896720886,0.3910137414932251,0.6640397310256958,-0.09025301784276962,0.21491295099258423,0.8204444646835327,-0.06845945119857788,0.3049812316894531,0.7288665175437927,-0.08936807513237,0.3633347153663635,0.7087254524230957,-0.09087345749139786,0.40029752254486084,0.7043305039405823,-0.08891867101192474,0.24939313530921936,0.8641223907470703,-0.08497215807437897,0.3196104168891907,0.7876296639442444,-0.09440486133098602,0.36073094606399536,0.7654580473899841,-0.0890376940369606,0.3892728090286255,0.756754457950592,-0.08299114555120468,-0.00972270779311657,0.07201748341321945,0.058254554867744446,-0.006621500942856073,0.03426174446940422,0.056276194751262665,0.000996857532300055,0.010758955962955952,0.051495350897312164,0.012268371880054474,-0.005605732090771198,0.03463204205036163,0.025722108781337738,-0.016777001321315765,0.010069860145449638,-0.013162894174456596,-0.009215296246111393,0.014804642647504807,0.012564597651362419,-0.022597769275307655,0.013480146415531635,0.03237127140164375,-0.032858069986104965,0.0272974893450737,0.04834294319152832,-0.0292870681732893,0.047028739005327225,-0.005025398451834917,-0.001882469281554222,0.0003629854472819716,0.0190158449113369,-0.023690085858106613,-0.003237412078306079,0.04038531705737114,-0.02957790531218052,0.011045578867197037,0.05875648185610771,-0.03336580842733383,0.03722146153450012,0.0063855890184640884,0.004292437806725502,-0.0109865115955472,0.024349184706807137,-0.011167756281793118,-0.009471396915614605,0.04890623688697815,-0.017787083983421326,0.0032488310243934393,0.06647614389657974,-0.020085588097572327,0.0225756224244833,0.013864045962691307,0.021305818110704422,-0.008998217061161995,0.033067796379327774,0.00581402936950326,-0.00713154673576355,0.049371976405382156,-0.0059586381539702415,0.0021163246128708124,0.06118174269795418,-0.006444649305194616,0.017151976004242897,30.0,640.0,480.0
13,0.258031964302063,0.9829565286636353,4.498480450365605e-07,0.2545928359031677,0.8790497779846191,0.0163078922778368,0.2776581346988678,0.7879376411437988,0.007156625855714083,0.31583890318870544,0.7298696041107178,-0.00819813646376133,0.35994184017181396,0.7013329267501831,-0.02365773729979992,0.25928795337677,0.7163022756576538,-0.019252222031354904,0.35156309604644775,0.6443212032318115,-0.043941617012023926,0.406088650226593,0.6326051354408264,-0.05678703635931015,0.43903863430023193,0.6389372944831848,-0.06119920313358307,0.2709605395793915,0.749422013759613,-0.03984360024333,0.3751183748245239,0.6701327562332153,-0.05814649909734726,0.43321919441223145,0.6618270874023438,-0.06064945086836815,0.4673651158809662,0.6682534217834473,-0.05979044735431671,0.2948670983314514,0.7919080853462219,-0.058793339878320694,0.3900315761566162,0.7139482498168945,-0.07072392851114273,0.4428405165672302,0.699296236038208,-0.06647689640522003,0.475079745054245,0.700732946395874,-0.06062307953834534,0.3263302445411682,0.8368914127349854,-0.07668974250555038,0.3987744450569153,0.7702640295028687,-0.0769486054778099,0.4386138319969177,0.7514333128929138,-0.06658671796321869,0.46591803431510925,0.7450177073478699,-0.05678708478808403,-0.020944878458976746,0.0819489061832428,0.05202282965183258,-0.01631123572587967,0.04333709180355072,0.05395634472370148,-0.004037828184664249,0.014705312438309193,0.05532356724143028,0.008128007873892784,-0.0030218465253710747,0.04277961328625679,0.020911354571580887,-0.013001876883208752,0.02604847587645054,-0.012751747854053974,-0.013157632201910019,0.0189085453748703,0.018358252942562103,-0.0261272843927145,0.01784789003431797,0.03541150689125061,-0.03660324960947037,0.028566807508468628,0.05418247729539871,-0.03298819810152054,0.043748319149017334,-0.004721924662590027,-0.0038342662155628204,0.0006090427632443607,0.02414422109723091,-0.024540657177567482,-0.0036071264185011387,0.04631390422582626,-0.02672543190419674,0.013156459666788578,0.06182738021016121,-0.02821129932999611,0.042826034128665924,0.007641433272510767,0.007348706945776939,-0.012961089611053467,0.03131144493818283,-0.010154392570257187,-0.011994875967502594,0.054685816168785095,-0.015032709576189518,0.0033211808186024427,0.06720904260873795,-0.017102323472499847,0.022587738931179047,0.015884365886449814,0.02619781531393528,-0.013695877976715565,0.03536892309784889,0.010221263393759727,-0.009878518991172314,0.05405094847083092,-0.001923632575199008,0.0011649372754618526,0.06496662646532059,-0.0016544570680707693,0.015444436110556126,30.0,640.0,480.0
14,0.28450751304626465,0.9772440195083618,4.974257876710908e-07,0.2855076193809509,0.8750937581062317,0.014994444325566292,0.3070186972618103,0.7801156640052795,0.006665240507572889,0.3447255790233612,0.7222440838813782,-0.0068367174826562405,0.38675782084465027,0.6948563456535339,-0.019788464531302452,0.28330495953559875,0.7100300192832947,-0.018620891496539116,0.37381571531295776,0.6424689888954163,-0.03906935080885887,0.4256356358528137,0.6337862610816956,-0.04967876151204109,0.4581869840621948,0.6380671858787537,-0.053914450109004974,0.2932634949684143,0.7445308566093445,-0.03796393796801567,0.39346933364868164,0.6644308567047119,-0.05234786495566368,0.4487212300300598,0.6554968953132629,-0.054809167981147766,0.48265257477760315,0.6633583903312683,-0.05561388283967972,0.31549039483070374,0.7891964912414551,-0.055419180542230606,0.40563637018203735,0.7083154320716858,-0.06369643658399582,0.456752210855484,0.6935443878173828,-0.06056751683354378,0.4878080487251282,0.6945461630821228,-0.05763350799679756,0.34666088223457336,0.8354854583740234,-0.0718848928809166,0.414898544549942,0.7658646702766418,-0.07054796069860458,0.45276811718940735,0.7442147731781006,-0.06180694326758385,0.4787308871746063,0.7354567646980286,-0.054717883467674255,-0.018236882984638214,0.0770035907626152,0.0506112203001976,-0.013074577786028385,0.0402071550488472,0.05554967746138573,-0.001095328014343977,0.015917068347334862,0.053593020886182785,0.01095876656472683,-0.001504529733210802,0.040187109261751175,0.02332496829330921,-0.013486653566360474,0.018104402348399162,-0.011648137122392654,-0.010785325430333614,0.017544878646731377,0.017356621101498604,-0.0230320543050766,0.017391657456755638,0.038055673241615295,-0.031413573771715164,0.030915435403585434,0.0537557527422905,-0.027925735339522362,0.047804489731788635,-0.00458992226049304,-0.003181190462782979,0.0008205636986531317,0.022887632250785828,-0.02347862720489502,-0.0019529152195900679,0.04394940286874771,-0.027104072272777557,0.01532774418592453,0.06046772003173828,-0.026568695902824402,0.04167982190847397,0.0052619073539972305,0.005100544076412916,-0.012545524165034294,0.028204165399074554,-0.009860614314675331,-0.011195965111255646,0.04813963919878006,-0.015761060640215874,0.00279018166474998,0.06433265656232834,-0.016051851212978363,0.023585177958011627,0.01142545510083437,0.02312174066901207,-0.014107693918049335,0.032919883728027344,0.00855252705514431,-0.011225646361708641,0.0508231520652771,-0.003059645649045706,-9.502017746854108e-06,0.06170840188860893,-0.004794125445187092,0.013252620585262775,30.0,640.0,480.0
15,0.3013673424720764,0.9663864374160767,4.4580255575965566e-07,0.30111369490623474,0.863814651966095,0.0171442199498415,0.32062968611717224,0.774279773235321,0.01062159612774849,0.3555043339729309,0.7187184691429138,-0.00146885693538934,0.39743345975875854,0.6949527263641357,-0.013160229660570621,0.30018970370292664,0.7043563723564148,-0.010817749425768852,0.3867184519767761,0.6417263150215149,-0.028895501047372818,0.43726372718811035,0.6333146095275879,-0.0395161472260952,0.46982982754707336,0.6375691294670105,-0.044583357870578766,0.3147372603416443,0.7327618598937988,-0.03073308803141117,0.4081283211708069,0.6568140983581543,-0.04223335161805153,0.46060457825660706,0.647508978843689,-0.04555041715502739,0.49417001008987427,0.6541101932525635,-0.047774191945791245,0.3385627269744873,0.7734659910202026,-0.04878009110689163,0.42311495542526245,0.6974578499794006,-0.0547538660466671,0.47200721502304077,0.6839581727981567,-0.05224895477294922,0.5032308101654053,0.6838490962982178,-0.050685834139585495,0.36997896432876587,0.819568395614624,-0.06577561795711517,0.4335348606109619,0.7549866437911987,-0.06325803697109222,0.4678860306739807,0.7347216010093689,-0.05432916805148125,0.4922235608100891,0.7253286838531494,-0.04762785881757736,-0.021770896390080452,0.08166373521089554,0.04524006322026253,-0.018291210755705833,0.045355718582868576,0.05069829151034355,-0.006641883868724108,0.01935315877199173,0.05489462614059448,0.007841099053621292,-0.001441998640075326,0.05165356025099754,0.022089244797825813,-0.013808979652822018,0.038787372410297394,-0.014446863904595375,-0.012202373705804348,0.016973113641142845,0.017306054010987282,-0.024650823324918747,0.017499497160315514,0.0385773740708828,-0.032138850539922714,0.03088596649467945,0.05523524433374405,-0.028268251568078995,0.047663189470767975,-0.004894515965133905,-0.0037201426457613707,0.0010214141802862287,0.02528531663119793,-0.025333574041724205,-0.0010141994571313262,0.046333614736795425,-0.028275609016418457,0.016450926661491394,0.06190834939479828,-0.028383873403072357,0.04151803255081177,0.007163590285927057,0.006219645496457815,-0.011978443711996078,0.03357821702957153,-0.010537788271903992,-0.009432094171643257,0.052008382976055145,-0.016875777393579483,0.0041259946301579475,0.0676901713013649,-0.01707351766526699,0.02407686784863472,0.01477744709700346,0.0258918646723032,-0.013731316663324833,0.037331659346818924,0.010199777781963348,-0.011325294151902199,0.05489010363817215,-0.001987314783036709,-0.0005793972522951663,0.06444501131772995,-0.004117230419069529,0.012886094860732555,30.0,640.0,480.0
16,0.3191736042499542,0.9559803605079651,4.220612765948317e-07,0.3237290382385254,0.854548990726471,0.018077190965414047,0.3436891436576843,0.7671515345573425,0.010322504676878452,0.378815233707428,0.7135612368583679,-0.0035317542497068644,0.41938096284866333,0.6896936893463135,-0.016835935413837433,0.31713157892227173,0.7026483416557312,-0.012609345838427544,0.40393248200416565,0.64051353931427,-0.031818680465221405,0.4545001983642578,0.6350415945053101,-0.041951168328523636,0.4875316321849823,0.6432734727859497,-0.0458812452852726,0.3302670121192932,0.7304412126541138,-0.03369087353348732,0.42378881573677063,0.6539673209190369,-0.04671813175082207,0.47620266675949097,0.6493898034095764,-0.04834618791937828,0.5095558166503906,0.6609007120132446,-0.048084478825330734,0.35414549708366394,0.770676851272583,-0.05279447138309479,0.4402460753917694,0.6920653581619263,-0.0590585358440876,0.4887263774871826,0.6820844411849976,-0.053692206740379333,0.5189012885093689,0.6857703924179077,-0.04933559522032738,0.3871367573738098,0.8172067999839783,-0.07090206444263458,0.44967031478881836,0.7474864721298218,-0.06810557842254639,0.4815974831581116,0.725953996181488,-0.05744710564613342,0.5033411383628845,0.7172065377235413,-0.04892975464463234,-0.019841495901346207,0.08090538531541824,0.04962559789419174,-0.01651850715279579,0.04429149627685547,0.054134976118803024,-0.004151551052927971,0.018106546252965927,0.055870044976472855,0.011560225859284401,-0.0021511069498956203,0.0513174831867218,0.028446827083826065,-0.015194281935691833,0.03838048130273819,-0.01535357628017664,-0.014032925479114056,0.016963228583335876,0.018355775624513626,-0.026615411043167114,0.017614077776670456,0.041450656950473785,-0.03266506642103195,0.03171016648411751,0.057457439601421356,-0.025980602949857712,0.04996452480554581,-0.00509710842743516,-0.004401403944939375,0.0007385516073554754,0.02738310396671295,-0.026500169187784195,-6.673252210021019e-05,0.0473242849111557,-0.028475724160671234,0.017453476786613464,0.06327614933252335,-0.025403805077075958,0.043703582137823105,0.007639132905751467,0.007457834202796221,-0.012108486145734787,0.035579077899456024,-0.0114820571616292,-0.009198298677802086,0.05441075935959816,-0.01598663069307804,0.004852868616580963,0.06950993090867996,-0.014857897534966469,0.026195714250206947,0.015694083645939827,0.0270148403942585,-0.013892663642764091,0.039174556732177734,0.009872596710920334,-0.011728476732969284,0.05565676465630531,-0.0020812596194446087,-0.00047552434261888266,0.06364557892084122,-0.0053173876367509365,0.014073901809751987,30.0,640.0,480.0
17,0.3378247022628784,0.9478169083595276,3.9774815263626806e-07,0.3339340388774872,0.8473482131958008,0.016042686998844147,0.351436972618103,0.7647697925567627,0.010172560811042786,0.38571470975875854,0.7147711515426636,-0.001510791014879942,0.4254482388496399,0.6961967945098877,-0.012476017698645592,0.3317068815231323,0.702626645565033,-0.004756524693220854,0.4138181209564209,0.6422703266143799,-0.020836185663938522,0.4624272286891937,0.6383459568023682,-0.03083707205951214,0.4942541718482971,0.6472487449645996,-0.03537638485431671,0.3513309955596924,0.7250935435295105,-0.023591747507452965,0.43662741780281067,0.6494138836860657,-0.03331178426742554,0.4843868017196655,0.6451898217201233,-0.036711953580379486,0.515240490436554,0.6561172604560852,-0.03830306604504585,0.3791949450969696,0.7599893808364868,-0.04095578193664551,0.4569603204727173,0.6876580119132996,-0.04450824856758118,0.49952173233032227,0.6800944805145264,-0.04143691435456276,0.5262911319732666,0.6843529939651489,-0.03931568190455437,0.41397565603256226,0.8021217584609985,-0.057640958577394485,0.469590425491333,0.7398477792739868,-0.05320962890982628,0.49687284231185913,0.7245846390724182,-0.04352289065718651,0.5163141489028931,0.7203667759895325,-0.036053940653800964,-0.02234022691845894,0.08449224382638931,0.04448765516281128,-0.021636683493852615,0.04765244945883751,0.050023578107357025,-0.009655253030359745,0.020273977890610695,0.05640656501054764,0.007411434780806303,-0.0020292303524911404,0.05506448447704315,0.02521486021578312,-0.01262701116502285,0.045739851891994476,-0.019122080877423286,-0.014229150488972664,0.01622757315635681,0.0163321103900671,-0.027517108246684074,0.01822649873793125,0.03987383469939232,-0.032577648758888245,0.03388627618551254,0.056794434785842896,-0.026227174326777458,0.05524703860282898,-0.005410101264715195,-0.004728961735963821,0.00036658617318607867,0.028487760573625565,-0.029257923364639282,0.0011923627462238073,0.04850606992840767,-0.029872607439756393,0.01940871775150299,0.0640990138053894,-0.026866821572184563,0.047597598284482956,0.010200348682701588,0.007534480188041925,-0.01151709072291851,0.039948634803295135,-0.011967567726969719,-0.007896210066974163,0.05692881718277931,-0.015983687713742256,0.007540619932115078,0.07153626531362534,-0.01382339745759964,0.029686078429222107,0.020665891468524933,0.02792952209711075,-0.012709083966910839,0.04439091309905052,0.010831023566424847,-0.009605927392840385,0.05970282107591629,-0.0008074985817074776,0.0028684886638075113,0.06748458743095398,-0.0019211969338357449,0.017260335385799408,30.0,640.0,480.0
18,0.3541998565196991,0.9433685541152954,4.0337536688639375e-07,0.3464396297931671,0.842560887336731,0.014856759458780289,0.36165958642959595,0.7616385221481323,0.008227898739278316,0.39586687088012695,0.7126798033714294,-0.0037494879215955734,0.43638738989830017,0.696370005607605,-0.015085258521139622,0.34480735659599304,0.7034575939178467,-0.00866963341832161,0.42158588767051697,0.6406540870666504,-0.024657005444169044,0.46844011545181274,0.6378998160362244,-0.034274712204933167,0.4987019896507263,0.6490859985351562,-0.038610074669122696,0.36872780323028564,0.724295437335968,-0.02699308469891548,0.4492233991622925,0.6466375589370728,-0.036348018795251846,0.4970107674598694,0.6400951147079468,-0.04064610227942467,0.528244137763977,0.6492834687232971,-0.043126679956912994,0.3993031978607178,0.757987916469574,-0.04339473694562912,0.47189608216285706,0.6843223571777344,-0.04675142839550972,0.5141346454620361,0.6803627014160156,-0.04348842427134514,0.5405009984970093,0.6884605288505554,-0.04141514003276825,0.43499258160591125,0.7996026873588562,-0.059055693447589874,0.4851784408092499,0.7368876934051514,-0.055388543754816055,0.5127185583114624,0.722842812538147,-0.04526817798614502,0.5329794883728027,0.7200880646705627,-0.03719906881451607,-0.024245332926511765,0.0843300074338913,0.04438144713640213,-0.024861693382263184,0.047441400587558746,0.04840794578194618,-0.013975162990391254,0.019449852406978607,0.05634066462516785,0.002169213257730007,-0.0034658710937947035,0.053627077490091324,0.021044019609689713,-0.012894557788968086,0.043328657746315,-0.020894845947623253,-0.014159522950649261,0.015073944814503193,0.012729554437100887,-0.02882072702050209,0.01692301034927368,0.034279435873031616,-0.033753253519535065,0.0330134853720665,0.05077492445707321,-0.02665885165333748,0.05394560843706131,-0.005504893604665995,-0.004880277439951897,8.601570880273357e-05,0.026302512735128403,-0.02989102527499199,0.0004970525624230504,0.04607897251844406,-0.0317392572760582,0.017612596973776817,0.06251336634159088,-0.030229929834604263,0.04691595956683159,0.011854195035994053,0.008150014095008373,-0.010597079992294312,0.04013117775321007,-0.01300083938986063,-0.0072364830411970615,0.05736735463142395,-0.01617950014770031,0.008245231583714485,0.07113741338253021,-0.013091126456856728,0.031399909406900406,0.023448269814252853,0.028528967872262,-0.010844924487173557,0.044825389981269836,0.010276209563016891,-0.007969709113240242,0.059961266815662384,-0.00138835608959198,0.003122295020148158,0.06942620128393173,-0.0017809201963245869,0.018319768831133842,30.0,640.0,480.0
19,0.3680516481399536,0.9323902130126953,3.470893545909348e-07,0.3601419925689697,0.8365875482559204,0.017756614834070206,0.37389707565307617,0.7617153525352478,0.01074332557618618,0.4057551920413971,0.7146721482276917,-0.0015791981713846326,0.44585952162742615,0.6971961259841919,-0.013367768377065659,0.3591611683368683,0.7020412087440491,-0.01389074046164751,0.43471208214759827,0.6391189098358154,-0.02983262576162815,0.4796304404735565,0.6414808630943298,-0.03747539594769478,0.5071572065353394,0.6581814289093018,-0.04006210342049599,0.38089612126350403,0.7218502759933472,-0.0331852063536644,0.4657493531703949,0.6455088257789612,-0.04387751594185829,0.5131535530090332,0.645787239074707,-0.04643555358052254,0.5421668887138367,0.661498486995697,-0.047055888921022415,0.4105375409126282,0.7552408576011658,-0.049693986773490906,0.48939985036849976,0.6843165755271912,-0.053647782653570175,0.5326179265975952,0.6810100674629211,-0.049184974282979965,0.5583433508872986,0.6898885369300842,-0.04611871764063835,0.44562220573425293,0.7966557741165161,-0.06491978466510773,0.5013784766197205,0.7372832298278809,-0.060273993760347366,0.5287497639656067,0.7236884832382202,-0.0490812249481678,0.547709584236145,0.7211225032806396,-0.04042428731918335,-0.02506515383720398,0.08503671735525131,0.041231848299503326,-0.025648072361946106,0.04915338754653931,0.04837966710329056,-0.014778387732803822,0.021614598110318184,0.05926484242081642,0.0006766810547560453,-0.0018666359828785062,0.06364284455776215,0.019773978739976883,-0.012161409482359886,0.05956625938415527,-0.021067427471280098,-0.014701028354465961,0.016433272510766983,0.01204733457416296,-0.02948460355401039,0.019033577293157578,0.034656062722206116,-0.033129073679447174,0.03468361496925354,0.05016503483057022,-0.024506701156497,0.05711880326271057,-0.005970911588519812,-0.005352411884814501,0.0006640073261223733,0.028681911528110504,-0.030442962422966957,0.000420180062064901,0.049404218792915344,-0.03052058443427086,0.01897640898823738,0.0636441633105278,-0.02598416991531849,0.048907745629549026,0.01227598637342453,0.00803372636437416,-0.011864113621413708,0.04283687472343445,-0.01280538085848093,-0.007849165238440037,0.06132740154862404,-0.016726039350032806,0.008218090981245041,0.07458928972482681,-0.01248681079596281,0.03192419931292534,0.02412468008697033,0.02934025041759014,-0.01215293724089861,0.048280324786901474,0.01161324791610241,-0.009884788654744625,0.06346558034420013,-0.0002433164045214653,0.003326768521219492,0.07196595519781113,-0.0010224473662674427,0.02081475593149662,30.0,640.0,480.0
20,0.3829655647277832,0.9251319766044617,3.3906619023582607e-07,0.3741518259048462,0.8292399048805237,0.01909358985722065,0.3887622356414795,0.7543520331382751,0.012409700080752373,0.42225396633148193,0.7063612341880798,0.00014789478154852986,0.46092087030410767,0.6858959197998047,-0.011622926220297813,0.3710152208805084,0.6998604536056519,-0.013404668308794498,0.44730162620544434,0.6401978135108948,-0.031054848805069923,0.49379104375839233,0.6445448994636536,-0.03960509970784187,0.5225830674171448,0.66379314661026,-0.042240209877491,0.39134711027145386,0.7189386487007141,-0.03349938243627548,0.4788729250431061,0.6469879746437073,-0.046035390347242355,0.5263904333114624,0.6523860692977905,-0.04861145466566086,0.5539323091506958,0.6726111769676208,-0.04848875850439072,0.42079097032546997,0.7502294182777405,-0.0508815236389637,0.5031939148902893,0.6865723729133606,-0.05708058550953865,0.5456915497779846,0.6886733770370483,-0.05246080458164215,0.5691695213317871,0.7018893957138062,-0.04826223477721214,0.45609191060066223,0.7884638905525208,-0.06676968187093735,0.5160329341888428,0.734074592590332,-0.06302233040332794,0.5417498350143433,0.7286579012870789,-0.051360055804252625,0.557706356048584,0.7331252098083496,-0.04190381243824959,-0.02244219183921814,0.08286188542842865,0.040709007531404495,-0.023310773074626923,0.047340236604213715,0.04886951297521591,-0.011769144795835018,0.019348768517374992,0.06134875863790512,0.00365572702139616,-0.0032493113540112972,0.06988431513309479,0.021836910396814346,-0.01448975782841444,0.0679619163274765,-0.019956164062023163,-0.013990741223096848,0.01790224015712738,0.012273749336600304,-0.026158520951867104,0.02052217163145542,0.03497016429901123,-0.029204903170466423,0.036787182092666626,0.049938831478357315,-0.019771914929151535,0.06099822372198105,-0.006178638897836208,-0.005459926091134548,0.0008709079120308161,0.02842690236866474,-0.027613438665866852,0.0008224300690926611,0.04919605329632759,-0.026030439883470535,0.019752204418182373,0.06237611547112465,-0.018426191061735153,0.04982371628284454,0.011410006321966648,0.007580483797937632,-0.012711117044091225,0.04120394214987755,-0.009602827951312065,-0.008538725785911083,0.060464296489953995,-0.011797189712524414,0.007914871908724308,0.07375644147396088,-0.005983499810099602,0.032929081469774246,0.022847957909107208,0.027097532525658607,-0.013215341605246067,0.04641226679086685,0.010603725910186768,-0.01047482155263424,0.06147631257772446,0.0021195656154304743,0.004751336760818958,0.06860889494419098,0.0038169401232153177,0.02201489731669426,30.0,640.0,480.0
21,0.3890303671360016,0.9233055114746094,3.259393395182997e-07,0.38043713569641113,0.8271037936210632,0.023132169619202614,0.39688438177108765,0.7529204487800598,0.01866069808602333,0.4279164671897888,0.7033820748329163,0.008225889876484871,0.4631451964378357,0.6823261976242065,-0.0022391744423657656,0.3835974633693695,0.6978870034217834,-0.011149539612233639,0.4624370336532593,0.6445507407188416,-0.026374973356723785,0.5100558996200562,0.6478878259658813,-0.03309958428144455,0.5396169424057007,0.6639373898506165,-0.034916557371616364,0.4017179608345032,0.7187964916229248,-0.0326477475464344,0.48887619376182556,0.6503151059150696,-0.04353323578834534,0.5361647009849548,0.6558741927146912,-0.043954215943813324,0.5625566840171814,0.6766536235809326,-0.042626671493053436,0.42919883131980896,0.7528674602508545,-0.05081307888031006,0.5124446153640747,0.6900516152381897,-0.055914971977472305,0.5521738529205322,0.6948813199996948,-0.04853849485516548,0.5710653066635132,0.7104431986808777,-0.04243803024291992,0.4623705744743347,0.7939432263374329,-0.06710129231214523,0.5248104333877563,0.7391423583030701,-0.06105858087539673,0.54814612865448,0.7377501726150513,-0.046475306153297424,0.5593039393424988,0.7460450530052185,-0.03520740568637848,-0.02466879040002823,0.08396367728710175,0.04096248373389244,-0.022319752722978592,0.04754238575696945,0.04940797761082649,-0.01284025702625513,0.01917077787220478,0.062280189245939255,0.0003725265560206026,-0.003864695318043232,0.07173646986484528,0.015722092241048813,-0.015878017991781235,0.0718572586774826,-0.019014285877346992,-0.013845999725162983,0.017603732645511627,0.012954983860254288,-0.023776227608323097,0.020459158346056938,0.03631909564137459,-0.0280158594250679,0.036478884518146515,0.053731393069028854,-0.01844063587486744,0.062311943620443344,-0.006428810302168131,-0.004620015621185303,0.0007540485239587724,0.028494825586676598,-0.02652956172823906,0.001051787519827485,0.04863956198096275,-0.02505171112716198,0.01896953023970127,0.062466394156217575,-0.018161460757255554,0.04931892082095146,0.011234327219426632,0.006998723838478327,-0.012438726611435413,0.039798516780138016,-0.009878430515527725,-0.009222199209034443,0.060853686183691025,-0.010752979665994644,0.008144203573465347,0.07157006114721298,-0.004999751690775156,0.030933378264307976,0.021938754245638847,0.027334287762641907,-0.014211458154022694,0.045952390879392624,0.00961160659790039,-0.010388612747192383,0.06134834140539169,0.0038602985441684723,0.006886711344122887,0.06628982722759247,0.006808900274336338,0.022161725908517838,30.0,640.0,480.0
22,0.4063187539577484,0.9061593413352966,2.3755720235385525e-07,0.39560210704803467,0.8092811703681946,0.023485779762268066,0.4116237461566925,0.7418814897537231,0.019466187804937363,0.442182719707489,0.6993744373321533,0.00961990188807249,0.47642725706100464,0.6828439831733704,-6.547327211592346e-05,0.4043055474758148,0.6915203332901001,-0.008722132071852684,0.4729742109775543,0.6406358480453491,-0.018787384033203125,0.5120655298233032,0.6448734998703003,-0.020639723166823387,0.5328826308250427,0.6623483300209045,-0.01947234757244587,0.4259500503540039,0.7100475430488586,-0.029260627925395966,0.5021945238113403,0.6449781656265259,-0.035331934690475464,0.5414594411849976,0.6508845686912537,-0.03282816708087921,0.5611292719841003,0.6725364327430725,-0.02993350848555565,0.4538072645664215,0.7417053580284119,-0.046227242797613144,0.5262398719787598,0.683241069316864,-0.046672940254211426,0.5579094886779785,0.6885296702384949,-0.03767811879515648,0.5702754855155945,0.7050701975822449,-0.031531669199466705,0.48498156666755676,0.7815999388694763,-0.061383701860904694,0.5379893779754639,0.7298670411109924,-0.05266629531979561,0.5555419325828552,0.7302157282829285,-0.03716861829161644,0.5615280866622925,0.7409501075744629,-0.02573634497821331,-0.028157774358987808,0.08459199965000153,0.042055655270814896,-0.028549304232001305,0.04689188301563263,0.04793857783079147,-0.018684620037674904,0.019722431898117065,0.05967802554368973,-0.004085001535713673,-0.0044693113304674625,0.06578972935676575,0.012630080804228783,-0.014452485367655754,0.058795053511857986,-0.020633090287446976,-0.013830555602908134,0.01492559164762497,0.01072746329009533,-0.026274627074599266,0.01852063089609146,0.03164523094892502,-0.030451055616140366,0.03514070436358452,0.044022493064403534,-0.020580625161528587,0.06228313595056534,-0.005750915501266718,-0.00452365493401885,0.00018404338334221393,0.02682122215628624,-0.02823839709162712,0.0008031470933929086,0.046736035495996475,-0.026296652853488922,0.020891783758997917,0.05664052441716194,-0.019726648926734924,0.05348352715373039,0.011677996255457401,0.007201075088232756,-0.011114285327494144,0.040058933198451996,-0.010311217978596687,-0.006939874030649662,0.05767218768596649,-0.012338277883827686,0.011739933863282204,0.06613994389772415,-0.003611635882407427,0.037120651453733444,0.023472167551517487,0.027382399886846542,-0.010233801789581776,0.04762916639447212,0.010836878791451454,-0.005771024152636528,0.05926753580570221,0.003432963043451309,0.010902730748057365,0.062223467975854874,0.008538423106074333,0.027292102575302124,30.0,640.0,480.0
23,0.4077703654766083,0.9045196771621704,2.4248808472293604e-07,0.3972451090812683,0.8086041212081909,0.02279875986278057,0.41424721479415894,0.7403666377067566,0.019862893968820572,0.44649142026901245,0.6976475715637207,0.011510233394801617,0.481276273727417,0.6831634044647217,0.0032628639601171017,0.40456852316856384,0.6914117932319641,-0.007349426858127117,0.4727135896682739,0.6434360146522522,-0.01660243049263954,0.5118178129196167,0.6475176215171814,-0.019170794636011124,0.5340620875358582,0.6642763614654541,-0.018758568912744522,0.4293801784515381,0.7101791501045227,-0.027285154908895493,0.5042192935943604,0.6469613313674927,-0.031574755907058716,0.5438115000724792,0.6514372825622559,-0.029076499864459038,0.5636196136474609,0.6712934970855713,-0.026707986369729042,0.45906931161880493,0.7430132627487183,-0.04374106600880623,0.5298768877983093,0.6816185712814331,-0.042360901832580566,0.5612591505050659,0.6873980760574341,-0.03263368085026741,0.5728914141654968,0.7043097615242004,-0.02646109089255333,0.49048706889152527,0.7847492098808289,-0.0585167333483696,0.54127436876297,0.7295463681221008,-0.04838837310671806,0.5564386248588562,0.7315841913223267,-0.031649149954319,0.5600378513336182,0.7443498373031616,-0.019588299095630646,-0.027798961848020554,0.08226605504751205,0.043821144849061966,-0.029109759256243706,0.045667003840208054,0.050073590129613876,-0.018501630052924156,0.01587739959359169,0.05779910832643509,-0.002114537637680769,-0.005640788935124874,0.05595153197646141,0.014121310785412788,-0.01355869509279728,0.04420999065041542,-0.020135577768087387,-0.013913305476307869,0.013226802460849285,0.008809801191091537,-0.024774644523859024,0.015836982056498528,0.030299771577119827,-0.027163416147232056,0.032542090862989426,0.0437513031065464,-0.02024754136800766,0.058964453637599945,-0.005490919109433889,-0.003794641699641943,-0.0002070053742500022,0.026223331689834595,-0.02750370092689991,-0.001276322640478611,0.04533867910504341,-0.026687996461987495,0.019454937428236008,0.05719449743628502,-0.021475940942764282,0.0494350902736187,0.011827593669295311,0.007018971722573042,-0.009492358192801476,0.04041050001978874,-0.011162137612700462,-0.005887906067073345,0.0572347529232502,-0.013731681741774082,0.011487580835819244,0.0662955790758133,-0.007094589062035084,0.03597719222307205,0.02420722134411335,0.02660323679447174,-0.007413778454065323,0.046097785234451294,0.00892146211117506,-0.004319459665566683,0.058254424482584,0.0027969516813755035,0.011727042496204376,0.05889447033405304,0.008252005092799664,0.028173891827464104,30.0,640.0,480.0
24,0.40855926275253296,0.9013162851333618,2.2257871989950218e-07,0.39864686131477356,0.8048135638237,0.02527175284922123,0.4151023328304291,0.7377837300300598,0.02377898059785366,0.4462779462337494,0.6967177391052246,0.01660495437681675,0.48027467727661133,0.6836429834365845,0.009633023291826248,0.405590683221817,0.6892796158790588,-0.005365331191569567,0.4698233902454376,0.6404896974563599,-0.012209075503051281,0.5063493847846985,0.646312415599823,-0.011984875425696373,0.525825023651123,0.663824737071991,-0.009633013047277927,0.43088993430137634,0.7081632018089294,-0.026005346328020096,0.5027167797088623,0.6434279084205627,-0.028639143332839012,0.5404939651489258,0.6468222737312317,-0.025003602728247643,0.5593252778053284,0.6658718585968018,-0.02166740596294403,0.4607698619365692,0.7409631609916687,-0.04280839115381241,0.5288031697273254,0.6787111759185791,-0.040093667805194855,0.5603124499320984,0.6850177049636841,-0.029838763177394867,0.5723780393600464,0.702656090259552,-0.02322692982852459,0.4921579957008362,0.7827420830726624,-0.05763547122478485,0.54088294506073,0.7269903421401978,-0.046454157680273056,0.5561240911483765,0.7293583154678345,-0.029106803238391876,0.5601842999458313,0.7430288195610046,-0.016491059213876724,-0.027354680001735687,0.0820918083190918,0.042201559990644455,-0.029218589887022972,0.04525386169552803,0.04836704954504967,-0.018644552677869797,0.016138972714543343,0.057673994451761246,-0.003173231612890959,-0.005203883163630962,0.05638137832283974,0.013874624855816364,-0.01273376401513815,0.04506414756178856,-0.020265307277441025,-0.013329561799764633,0.0134816262871027,0.007344580255448818,-0.02539735473692417,0.015861593186855316,0.02750328928232193,-0.027394495904445648,0.03185831755399704,0.03891408443450928,-0.020005811005830765,0.0572395883500576,-0.005323421210050583,-0.003958017565310001,-2.5626346541685052e-05,0.02551431953907013,-0.0281186755746603,-0.0012236663606017828,0.04325326159596443,-0.027749640867114067,0.018060605973005295,0.05448640510439873,-0.02380744367837906,0.047599487006664276,0.012057015672326088,0.006971960887312889,-0.009549218229949474,0.039818573743104935,-0.011814313009381294,-0.005992124322801828,0.056442905217409134,-0.014155725948512554,0.010575680062174797,0.06579530239105225,-0.007600778713822365,0.03557898849248886,0.02453703247010708,0.02639794908463955,-0.008338243700563908,0.04551335796713829,0.008371906355023384,-0.005040597170591354,0.057869572192430496,0.00250029843300581,0.009749125689268112,0.059158388525247574,0.008255516178905964,0.02615213580429554,30.0,640.0,480.0
25,0.41042351722717285,0.8996056914329529,2.0321637350662058e-07,0.400848925113678,0.804916262626648,0.023254193365573883,0.41794928908348083,0.7371941804885864,0.02192116528749466,0.4497215151786804,0.6944531798362732,0.015291576273739338,0.48432567715644836,0.6793832182884216,0.00901578925549984,0.40907052159309387,0.6881360411643982,-0.004072663839906454,0.4750171899795532,0.6395975351333618,-0.01097108330577612,0.511189877986908,0.6449576020240784,-0.011897848919034004,0.5305740833282471,0.6620411276817322,-0.01055501401424408,0.43420618772506714,0.7062321901321411,-0.023166455328464508,0.5065428614616394,0.6447432637214661,-0.024866418913006783,0.5432414412498474,0.6489919424057007,-0.022094886749982834,0.5611626505851746,0.6679624915122986,-0.019938252866268158,0.4634219706058502,0.7383301258087158,-0.03881226107478142,0.5304614305496216,0.678205132484436,-0.03560378775000572,0.56098872423172,0.6835117936134338,-0.026663724333047867,0.5733352899551392,0.6999441385269165,-0.021450582891702652,0.49405792355537415,0.7792330980300903,-0.052680984139442444,0.5420389175415039,0.726058840751648,-0.04202482849359512,0.55814528465271,0.7270546555519104,-0.026296095922589302,0.5634479522705078,0.7383521795272827,-0.015053284354507923,-0.028964105993509293,0.08340384066104889,0.04144570603966713,-0.029987210407853127,0.04655621945858002,0.04785627871751785,-0.018877878785133362,0.01635933294892311,0.05770576745271683,-0.002268372569233179,-0.005564351566135883,0.05667956545948982,0.014559345319867134,-0.014113528653979301,0.045846182852983475,-0.019641311839222908,-0.013499301858246326,0.013736528344452381,0.008440278470516205,-0.025107618421316147,0.01642707735300064,0.02840924821794033,-0.02695644646883011,0.032824285328388214,0.04059358313679695,-0.02000032737851143,0.059293121099472046,-0.005300832912325859,-0.003941667266190052,-7.701203867327422e-05,0.02594444900751114,-0.02754344418644905,-0.0002925181179307401,0.04387941211462021,-0.026262730360031128,0.020099349319934845,0.05478336289525032,-0.02199956774711609,0.04980382323265076,0.011868022382259369,0.0069903843104839325,-0.009901181794703007,0.03947485238313675,-0.011342620477080345,-0.005639560520648956,0.055817585438489914,-0.013994503766298294,0.011620236560702324,0.06503058224916458,-0.007346649654209614,0.036142900586128235,0.023670697584748268,0.026475943624973297,-0.00837414525449276,0.04487302526831627,0.0085578802973032,-0.005018440540879965,0.05781133472919464,0.0022262539714574814,0.010488707572221756,0.05946764722466469,0.007622958160936832,0.026569845154881477,30.0,640.0,480.0
26,0.4122569262981415,0.8980625867843628,2.05097208549887e-07,0.4020666182041168,0.8033506870269775,0.024921821430325508,0.4181182384490967,0.736009418964386,0.023887621238827705,0.4497750699520111,0.6923052668571472,0.017540672793984413,0.4841107726097107,0.6753504872322083,0.011616379953920841,0.408363938331604,0.6885582804679871,-0.005330983549356461,0.47224995493888855,0.6385592818260193,-0.011264178901910782,0.5080787539482117,0.6431251168251038,-0.010165435262024403,0.5271229147911072,0.6591275930404663,-0.007326336577534676,0.4336134195327759,0.707065224647522,-0.025022314861416817,0.506267249584198,0.644256591796875,-0.026570983231067657,0.5431714653968811,0.6483930945396423,-0.02224264293909073,0.5611282587051392,0.6667028665542603,-0.01874278113245964,0.46328407526016235,0.7389969825744629,-0.04086953029036522,0.5307652950286865,0.6783075332641602,-0.037303995341062546,0.5614321827888489,0.6842309832572937,-0.026570314541459084,0.5735887885093689,0.7013950943946838,-0.020008336752653122,0.494556188583374,0.7791707515716553,-0.05473891645669937,0.5423673391342163,0.7246571779251099,-0.043392032384872437,0.5576156973838806,0.7264392375946045,-0.02631905861198902,0.5622482299804688,0.7389280200004578,-0.014010737650096416,-0.02779056876897812,0.08261904865503311,0.04319976642727852,-0.029065407812595367,0.04553510621190071,0.049018122255802155,-0.01830327697098255,0.015374475158751011,0.05756670609116554,-0.0024033994413912296,-0.006525409873574972,0.05530470982193947,0.015037073753774166,-0.016329895704984665,0.04324783757328987,-0.020113371312618256,-0.013503077439963818,0.013536552898585796,0.007457824423909187,-0.02581506408751011,0.015956411138176918,0.027202606201171875,-0.028127871453762054,0.0327698215842247,0.038515977561473846,-0.021219301968812943,0.058672964572906494,-0.005420077126473188,-0.003969031386077404,-0.00014576844114344567,0.025831831619143486,-0.027965743094682693,-0.0007393622072413564,0.04371066763997078,-0.027024714276194572,0.01921558938920498,0.055091552436351776,-0.022972319275140762,0.04974070191383362,0.012244727462530136,0.0071131447330117226,-0.009745508432388306,0.03985227644443512,-0.011828907765448093,-0.005358259193599224,0.05616208165884018,-0.013909529894590378,0.011746346950531006,0.06523893773555756,-0.007506033405661583,0.037261344492435455,0.02428527921438217,0.026128677651286125,-0.008059397339820862,0.04467033967375755,0.00793583132326603,-0.0049931821413338184,0.057594966143369675,0.0017932923510670662,0.010272535495460033,0.059130169451236725,0.007433062419295311,0.026721253991127014,30.0,640.0,480.0
27,0.4120680093765259,0.8963050246238708,2.160439152021354e-07,0.4022851884365082,0.8025597929954529,0.022696012631058693,0.41883769631385803,0.7357071042060852,0.020405258983373642,0.45085248351097107,0.6934282183647156,0.012884697876870632,0.48547789454460144,0.6774389743804932,0.0057733687572181225,0.4092300832271576,0.6882178783416748,-0.006882385816425085,0.4742884635925293,0.6389307379722595,-0.015150612220168114,0.5100998878479004,0.643858015537262,-0.016396254301071167,0.5287551879882812,0.6613967418670654,-0.015055906027555466,0.4342035949230194,0.7063830494880676,-0.026250271126627922,0.5075643658638,0.6440592408180237,-0.02961897663772106,0.5445091724395752,0.6490970849990845,-0.026852237060666084,0.5620176792144775,0.6685178279876709,-0.024412905797362328,0.46340852975845337,0.7379176616668701,-0.04217921569943428,0.5328549742698669,0.6775804758071899,-0.04048822075128555,0.5637696385383606,0.6848087906837463,-0.031107421964406967,0.5753607153892517,0.7024873495101929,-0.025306925177574158,0.49422261118888855,0.7782735228538513,-0.056324779987335205,0.5446029901504517,0.7261854410171509,-0.046822354197502136,0.5606562495231628,0.7286242246627808,-0.031010231003165245,0.5650975704193115,0.7407938838005066,-0.019542744383215904,-0.028620995581150055,0.08320719003677368,0.044276393949985504,-0.030047886073589325,0.04622933641076088,0.04951268807053566,-0.018628133460879326,0.015883948653936386,0.05794503539800644,-0.0016763587482273579,-0.006316435057669878,0.05511210113763809,0.015399016439914703,-0.01572601869702339,0.04334491118788719,-0.020097220316529274,-0.014371444471180439,0.013690277934074402,0.008440596982836723,-0.025944925844669342,0.015956545248627663,0.028258629143238068,-0.027901718392968178,0.032811239361763,0.03988403454422951,-0.020241620019078255,0.059309232980012894,-0.005431366618722677,-0.0041642929427325726,-0.00010892418504226953,0.026670437306165695,-0.028163766488432884,-0.001085140509530902,0.04493267834186554,-0.02647460624575615,0.01983277127146721,0.05601583793759346,-0.020988617092370987,0.05032496899366379,0.01226854883134365,0.007543066516518593,-0.0097245704382658,0.04139739274978638,-0.011272984556853771,-0.005681970156729221,0.05785354599356651,-0.013424714095890522,0.01137707568705082,0.06673086434602737,-0.0059856269508600235,0.03684137761592865,0.024501105770468712,0.027162710204720497,-0.008084692992269993,0.046346116811037064,0.009136307053267956,-0.004921645391732454,0.05988540127873421,0.003364130388945341,0.010781710967421532,0.06110348179936409,0.009581947699189186,0.0271986722946167,30.0,640.0,480.0
28,0.41345441341400146,0.8957522511482239,2.1492752466656384e-07,0.40324461460113525,0.8016687631607056,0.022838221862912178,0.4198532998561859,0.7340455055236816,0.02120702713727951,0.4518887400627136,0.6902875304222107,0.014511612243950367,0.4855607748031616,0.6707043647766113,0.008203236386179924,0.40938860177993774,0.6885160207748413,-0.006096857599914074,0.4738025963306427,0.6387739777565002,-0.013133404776453972,0.5096480250358582,0.6425181031227112,-0.013779312372207642,0.5294139385223389,0.6580459475517273,-0.01232912763953209,0.4345807135105133,0.7064341306686401,-0.025127090513706207,0.5071821212768555,0.644715428352356,-0.027502795681357384,0.5440282225608826,0.6483210325241089,-0.024664945900440216,0.5621325373649597,0.6659336090087891,-0.022461455315351486,0.46398335695266724,0.7380967736244202,-0.04064871743321419,0.5327654480934143,0.6781997084617615,-0.038270287215709686,0.5639975666999817,0.6843101382255554,-0.029136642813682556,0.5763654112815857,0.7008084058761597,-0.023778172209858894,0.49516308307647705,0.7787320017814636,-0.0543551929295063,0.544796884059906,0.725928544998169,-0.0444348081946373,0.5607336759567261,0.727734386920929,-0.02873668074607849,0.5651785135269165,0.7395907640457153,-0.017576472833752632,-0.027874711900949478,0.08224554359912872,0.04408006742596626,-0.02936333231627941,0.045922957360744476,0.04887465015053749,-0.01770862378180027,0.015562165528535843,0.05682472139596939,-0.0017104694852605462,-0.0071739633567631245,0.05423542484641075,0.015648065134882927,-0.018063925206661224,0.043055396527051926,-0.020260445773601532,-0.014243371784687042,0.013591617345809937,0.008344648405909538,-0.0255783349275589,0.015644991770386696,0.027855049818754196,-0.028243238106369972,0.032757192850112915,0.040073346346616745,-0.021013468503952026,0.058245353400707245,-0.0056722951121628284,-0.0041901227086782455,-2.4628478058730252e-05,0.02625654637813568,-0.02746262587606907,-0.0016810460947453976,0.04454465210437775,-0.026424037292599678,0.01826782152056694,0.05623835325241089,-0.021960698068141937,0.048432089388370514,0.012058734893798828,0.00747367087751627,-0.0097036836668849,0.04083792865276337,-0.011367205530405045,-0.006330904085189104,0.05796724185347557,-0.013213269412517548,0.010508541949093342,0.06691338866949081,-0.0065888455137610435,0.03616752475500107,0.024397268891334534,0.026673706248402596,-0.00809810683131218,0.04571874439716339,0.009069357998669147,-0.005027713719755411,0.05967698246240616,0.0032472508028149605,0.009805642999708652,0.061254750937223434,0.00867330189794302,0.02677607163786888,30.0,640.0,480.0
